 301  1 21  7                                                                                                                   
 1    1    1    1    1    1    1    1    1    1    1    1    1    1    1    1    1    1    1    1    1    1    1    1    1      
 2    1    1    1    1    1    1    1    1    1    1    1    1    1    1    1    1    2    2    1    1    1    1    1    1      
 3    1    1    1    1    1    1    1    1    1    2    2    2    2    2    2    2    2    2    2    1    1    1    1 -999      
 4    1    2    2    2    1    1    2    1    1    2    3    3    3    3    2    2    1    2    2    2    1    1    1    1      
 5    1    1    1    1    1    1    1    1    2    3    2    2    2    2    2    2    2    3    2    2    2    2    2    2      
 6    2    2    2    2    2    3    3    4    4    4    5    4    3    3    4    3    3    2    3    4    3    3    3    3      
 7    4    3    4    4    3    3    4    3    2    2    2    2    2 -999    2    2    1    1    1    1    1    1    1    1      
 8    1    1    1    1    1    1    1    1    1    1    1    2    1    1    1    1    2    2    3    3    2    2    2    2      
 9    2    2    2    2    2    2    2    2    3    4    4    2    2    2    2    2    2    2    2    2    2    3    2    3      
10    2    2    2    2    2    2    2    2    3    4    4    5    3    3    2    2    2    4    4    2    2    2    2 -999      
11    2    2    3    2    2    1    2    2    3    4    3    2    2    2    2    2    1    2    2    2    2    2    3    2      
12    2    2    2    2    2    2    2    3    3    4    4    4    2    2    2    2    2    3    2    2    3    2    2    2      
13    1    1    1    1    1    1    1    2    3    2    3    4    4    3    2    2    2    2    2    2    2    2    2    3      
14    2    2    2    2    2    2    2    2    2    2    2    3    4    3    1    1    1    1    2    2    1    1    1    2      
15    2    2    2    1    1    1    1    1    1    1    1    2    2    2    2    1    1    1    2    2    2    2    2    2      
16    2    1    1    1    1    1    1    1    1    1    1    1    1    1    1    1    1    2    1    2    2    1    1    1      
17    1    1    1    1    1    1    1    1    1    1    1    1    1    1    2    2    1    1    1    1    1    1    1 -999      
18    1    1    1    1    1    1    1    1    1    1    1    1    1    2    1    1    2    1    1    1    1    1    2    2      
19    2    2    2    1    1    1    1    1    1    2    4    4    3    2 -999    1    1    1    2    2    3    3    2    2      
20    2    2    2    2    2    2    2    2    2    2    2    3    3    2    2    2    1    1    2    2    2    2    2    2      
21    2    2    2    2    2    1    1    1    1    1    1    3    3    2    2    2    1    2    1    2    3    4    4    3      
22    2    2    2    2    2    1    1    1    1    1    1    3    3    3    2    1    1    1    1    2    3    2    3    2      
23    2    3    2    2    2    2    1    1    2    1    1    2    2    2    2    2    2    2    2    3    4    3    2    2      
24    2    2    1    1    1    1    2    2    2    2    2    2    2    2    1    1    1    2    2    2    3    2    2 -999      
25    2    2    2    2    1    1    1    1    2    2    2    2    2    3    2    1    2    1    1    2    3    2    2    2      
26    2    2    2    3    2    2    2    1    2    3    3    3    3    2    2    2    1    1    1    2    2    2    1    1      
27    1    1    1    1    1    1    1    2    2    2    1    2    2    1    1    1    1    1    1    1    1    1    1    1      
28    1    1    1    1    1    1    1    2    2    2    2    2    2    3    1    1    1    2    2    2    1    2    3    3      
29    2    1    1    1    1    1    1    1    1    2    2    2    3    2    2    1    1    2    2    2    2    2    2    2      
30    2    2    3    3    2    2    2    2    2    2    2    2    3    3    2    2    2    2    2    2    3    4    3    2      
31    2    2    2    2    2    2    2    3    3    3    3    4    4    3    3    3    3    2    2    2    2    1    1 -999      
 301  3 21  7                                                                                                                   
 1    0    0    0    0    0    0    1    3    1    2    2    3    2    2    3    2    2    2    3    2    0    0    0    0      
 2    0    0    0    0    0    2    5   10   11    6    4    7    9    4    5    3    4    2    2    1    1    1   10    4      
 3    3    2    2    2    1    2    4    3   13   14    6    2    2    1    2    2    1    0    1    2    0    0    0 -999      
 4    0    1    1    1    1    1    1    1    2    2    3    6    9    5    3    1    1    1    0    0    0    0    0    0      
 5    0    0    0    0    0    1    5    7   12   17   10    3    2    1    1    2    2    2    2    1    1    3    4    1      
 6    1    0    1    1    1   11   32   46   27   12   14    6    4    5    5    4    2    2    4    1    1    2    3    1      
 7    1    2    4    5    5   12    9   32   26   15    7   16   11 -999    3    3    3    4    4    0    0    0    0    1      
 8    0    0    0    1    1    1    6   12   18   12   10   10    7    7    5    2    4    2    8    6    3    7   15   34      
 9   41   45   49   47   30   28   17   10    7   18   16    5    3    6    3    3    1    1    1    0    1    1    1    1      
10    1    0    1    1    1    2    7    5    7   13   12    7    4    3    3    2    5    1    1    1    1    0    0 -999      
11    0    0    0    0    0    0    1    2    2    2    1    1    1    1    1    0    1    0    0    0    0    0    0    0      
12    0    0    0    0    0    1    2    6    6   13    3    2    3    5    4    1    1    1    1    0    0    0    0    0      
13    0    0    0    0    0    1    3    8    4    5    2    1    1    1    2    1    1    1    0    0    0    0    0    0      
14    1    1    1    1    1    4    4   16    6    3    3    3    1    2    1    2    4    3    1    1    1    1    1    1      
15    1    1    0    0    1    0    3    6    4    6    2    2    3    1    1    1    1    4    1    1    0    0    0    0      
16    0    0    0    0    0    1    8   19    7   11   10   21    8    7    7    8    6    2    1    1    1    4    7    1      
17    1    1    1    1    2    2    3    3    2    2    2    1    9    3    2    3   11    2    1    0    0    1    0 -999      
18    0    0    0    0    1    1    2    2    1    1    1    1    1    3    1    2    2    4    3    1    1    3   12   12      
19   12   11   12    8    2    4   20   21    7    8    7    2    1    2 -999    2    2    3    2    2    1    3    1    1      
20    2    3    6    2    1    4    7   14   11   12   10    4    2    1    1    1    1    1    1    0    0    0    1    8      
21    1    1    2    3    1    4    6   12    8    6    4   10    2    2    2    2    1    1    1    1    1    2    1    1      
22    1    1    0    1    1    2    3    2    1    1    1    1    1    1    1    1    1    1    1    1    1    0    0    0      
23    1    1    1    0    1    1    3    3    2    1    1    1    1    1    1    1    1    1    1    1    1    0    0    0      
24    0    5    1    0    0    2    7   15   12    9    5    2    1    1    1    3    2    1    1    0    1    0    0 -999      
25    2    1    1    1    1    2    3    3    5    5    4    2    1    1    1    1    1    1    0    0    0    0    0    0      
26    0    0    0    0    0    1    2    7    8    8    3    1    1    2    2    1    1    1    1    0    0    0    0    0      
27    0    0    0    0    0    0    1    3    3    5    2    3    2    2    1    1    1    1    1    0    0    0    0    0      
28    0    0    0    0    0    1    2    9    5    5    4    2    1    1    1    1    1    1    0    0    0    0    0    0      
29    0    0    0    0    1    1    2    5    2    3    1    2    1    1    1    1    2    1    1    0    0    0    2    1      
30    0    1   11    9    1    1    1    4    4    4    3    1    1    1    1    1    1    1    0    0    0    0    0    0      
31    0    0    0    0    1    1    2    4    5    8    3    2    1    1    1    0    0    0    0    0    0    0    0 -999      
 301  4 21  7                                                                                                                   
 1    4    5    7    6    7    7    8   13   11   13   12   15   13   13   12   11   10   12   13   12   11   14   10    8      
 2   12   10    7    9    9   14   15   18   17   10   13   20   19   16   16   13   17   18   13   11    4   10   18   19      
 3   18   18   18   14   21   20   17    8   18   22   15    9   10    9   10   13    7    7   13   14    9    8    4 -999      
 4    5   11   15   16   11    9    9   10   10   10    8   11   12   10    7    2    3    2    2    2    3    3    3    3      
 5    2    2    2    2    3    5   10    9   11   13   12    8    8    6    7   10   12   14   14   13   18   20   18    9      
 6   12    9   16   12   16   19   20   21   19   18   23   21   15   19   18   19   16   16   23   24   25   21   22   18      
 7   18   19   19   19   14   18   18   19   19   17   12   19   17 -999   16   17   15   20   17   10    9    9   11   12      
 8   10   12   10   13   12   14   20   22   21   17   13   13   13   12   13   10   18   18   31   33   30   27   31   30      
 9   27   26   24   23   21   15   12   16   13   19   22   20   19   15   16   14   12    8    9   14   24   21   20   19      
10   16   16   18   15   18   16   16   13   19   20   20   19   11   12   12   11   16   12   12    8    8    9    9 -999      
11    9   10   11    6    8    9   19   12   12   11    7    6    5    5    5    5    6    6   10   12    8   12   13   18      
12    7    7    8    8   10   16   18   25   25   37   20   14   19   20   17   14   12   20   21   17   19   12   12   12      
13   12    9    9    9    8   12   18   23   19   21   18   13   11   12   13    9   14   12   14   10   10   10   11   16      
14   20   23   23   21   21   19   15   17   18   15   17   26   16   14   14   18   20   20   19   23   20   18   18   21      
15   19   19   14   10   10    9   26   26   21   21   20   18   17   11   10   12   12   20   16   26   19   13   17   12      
16   14   11    9    6    8   10   16   19   12   12   12   12   10   10    8    9   13   19   14   12   20    6    6    5      
17    4    4    5    5    6    5    5    4    4    4    5    5   12   16   11    9    9    5    4    5    4    5    3 -999      
18    4    4    4    4    4    4    3    3    3    3    3    3    5   12    6    6    7    9   10    9   14   16   17   18      
19   17   16   16   14    6    6   10   10    8   19   24   18   13   11 -999    8    7    9   10   13   13   14   12   13      
20   15   16   15   13    9   12   13   15   13   15   18   20   20   14   14   12    9    9   10   11    9   12   21   23      
21   17   19   20   21   17   14   11   13   10   12   12   31   20   16   13   11    9   10   11   12   17   22   21   17      
22   14   11   12   13    8   10    8    7    5    4    4   11   11   12    8    8   10    6    7   11   12    8    9    8      
23   12   12   10   13    9    8    9    8    7    6    5    9   13   10   10    9    7    7   10   14   14    8    8    6      
24    6   12   11    8    9   13   15   15   13   15   16   12   10    9    8    9    8    7    8    9   10    9    9 -999      
25   10    9   11   13   10   10    9    6    9   10   12   10    9   12    7    6    5    5    5    8    9    8    9    9      
26    6    8    7   10   10   10   11   15   16   21   17   13   12   16   17    8    7    8   14   16   19   12    8    9      
27    8    7    8    7   14   11   10   13   13   16   10   13   15   12   10   10    9    9    7    8    6    6    5    4      
28    4    4    4    6    9   10   12   24   17   18   15   11    9    8    8    5    7    8    8   17   10    9   10   12      
29    8    7    9   10   11   15   13   18   10   12    9   12   10   10    8    8   11   12   11   10   10   11   20   17      
30   16   15   29   29   23   17    9   11   11   12   13   11   14   16   10    9    8    7   12   12   17   13   10    9      
31    9   11   12   11   13   16   16   18   24   31   24   19   11   10    8    9    6    7    8   10    9    7   10 -999      
 301  5 21  7                                                                                                                   
 1    4    5    7    6    7    7    9   16   12   15   14   18   15   15   15   13   12   14   16   14   11   14   10    8      
 2   12   10    7    9    9   16   20   28   28   16   17   27   28   20   21   16   21   20   15   12    5   11   28   23      
 3   21   20   20   16   22   22   21   11   31   36   21   11   12   10   12   15    8    7   14   16    9    8    4 -999      
 4    5   12   16   17   12   10   10   11   12   12   11   17   21   15   10    3    4    3    2    2    3    3    3    3      
 5    2    2    2    2    3    6   15   16   23   30   22   11   10    7    8   12   14   16   16   14   19   23   22   10      
 6   13    9   17   13   17   30   52   67   46   30   37   27   19   24   23   23   18   18   27   25   26   23   25   19      
 7   19   21   23   24   19   30   27   51   45   32   19   35   28 -999   19   20   18   24   21   10    9    9   11   13      
 8   10   12   10   14   13   15   26   34   39   29   23   23   20   19   18   12   22   20   39   39   33   34   46   64      
 9   68   71   73   70   51   43   29   26   20   37   38   25   22   21   19   17   13    9   10   14   25   22   21   20      
10   17   16   19   16   19   18   23   18   26   33   32   26   15   15   15   13   21   13   13    9    9    9    9 -999      
11    9   10   11    6    8    9   20   14   14   13    8    7    6    6    6    5    7    6   10   12    8   12   13   18      
12    7    7    8    8   10   17   20   31   31   50   23   16   22   25   21   15   13   21   22   17   19   12   12   12      
13   12    9    9    9    8   13   21   31   23   26   20   14   12   13   15   10   15   13   14   10   10   10   11   16      
14   21   24   24   22   22   23   19   33   24   18   20   29   17   16   15   20   24   23   20   24   21   19   19   22      
15   20   20   14   10   11    9   29   32   25   27   22   20   20   12   11   13   13   24   17   27   19   13   17   12      
16   14   11    9    6    8   11   24   38   19   23   22   33   18   17   15   17   19   21   15   13   21   10   13    6      
17    5    5    6    6    8    7    8    7    6    6    7    6   21   19   13   12   20    7    5    5    4    6    3 -999      
18    4    4    4    4    5    5    5    5    4    4    4    4    6   15    7    8    9   13   13   10   15   19   29   30      
19   29   27   28   22    8   10   30   31   15   27   31   20   14   13 -999   10    9   12   12   15   14   17   13   14      
20   17   19   21   15   10   16   20   29   24   27   28   24   22   15   15   13   10   10   11   11    9   12   22   31      
21   18   20   22   24   18   18   17   25   18   18   16   41   22   18   15   13   10   11   12   13   18   24   22   18      
22   15   12   12   14    9   12   11    9    6    5    5   12   12   13    9    9   11    7    8   12   13    8    9    8      
23   13   13   11   13   10    9   12   11    9    7    6   10   14   11   11   10    8    8   11   15   15    8    8    6      
24    6   17   12    8    9   15   22   30   25   24   21   14   11   10    9   12   10    8    9    9   11    9    9 -999      
25   12   10   12   14   11   12   12    9   14   15   16   12   10   13    8    7    6    6    5    8    9    8    9    9      
26    6    8    7   10   10   11   13   22   24   29   20   14   13   18   19    9    8    9   15   16   19   12    8    9      
27    8    7    8    7   14   11   11   16   16   21   12   16   17   14   11   11   10   10    8    8    6    6    5    4      
28    4    4    4    6    9   11   14   33   22   23   19   13   10    9    9    6    8    9    8   17   10    9   10   12      
29    8    7    9   10   12   16   15   23   12   15   10   14   11   11    9    9   13   13   12   10   10   11   22   18      
30   16   16   40   38   24   18   10   15   15   16   16   12   15   17   11   10    9    8   12   12   17   13   10    9      
31    9   11   12   11   14   17   18   22   29   39   27   21   12   11    9    9    6    7    8   10    9    7   10 -999      
 301  7 21  7                                                                                                                   
 1 -999 -999 -999 -999 -999 -999 -999 -999 -999 -999 -999 -999 -999 -999 -999 -999 -999 -999 -999 -999 -999 -999 -999 -999      
 2 -999 -999 -999 -999 -999 -999 -999 -999 -999 -999 -999 -999 -999 -999 -999 -999 -999 -999 -999 -999 -999 -999 -999 -999      
 3 -999 -999 -999 -999 -999 -999 -999 -999 -999 -999 -999 -999 -999 -999 -999 -999 -999 -999 -999 -999 -999 -999 -999 -999      
 4 -999 -999 -999 -999 -999 -999 -999 -999 -999 -999 -999 -999 -999 -999 -999 -999 -999 -999 -999 -999 -999 -999 -999 -999      
 5 -999 -999 -999 -999 -999 -999 -999 -999 -999 -999 -999 -999 -999 -999 -999 -999 -999 -999 -999 -999 -999 -999 -999 -999      
 6 -999 -999 -999 -999 -999 -999 -999 -999 -999 -999 -999 -999 -999 -999 -999 -999 -999 -999 -999 -999 -999 -999 -999 -999      
 7 -999 -999 -999 -999 -999 -999 -999 -999 -999 -999 -999 -999 -999 -999 -999 -999 -999 -999 -999 -999 -999 -999 -999 -999      
 8 -999 -999 -999 -999 -999 -999 -999 -999 -999 -999 -999 -999 -999 -999 -999 -999 -999 -999 -999 -999 -999 -999 -999 -999      
 9 -999 -999 -999 -999 -999 -999 -999 -999 -999 -999 -999 -999 -999 -999 -999 -999 -999 -999 -999 -999 -999 -999 -999 -999      
10 -999 -999 -999 -999 -999 -999 -999 -999 -999 -999 -999 -999 -999 -999 -999 -999 -999 -999 -999 -999 -999 -999 -999 -999      
11 -999 -999 -999 -999 -999 -999 -999 -999 -999 -999 -999 -999 -999 -999 -999 -999 -999 -999 -999 -999 -999 -999 -999 -999      
12 -999 -999 -999 -999 -999 -999 -999 -999 -999 -999 -999 -999 -999 -999 -999 -999 -999 -999 -999 -999 -999 -999 -999 -999      
13 -999 -999 -999 -999 -999 -999 -999 -999 -999 -999 -999 -999 -999 -999 -999 -999 -999 -999 -999 -999 -999 -999 -999 -999      
14 -999 -999 -999 -999 -999 -999 -999 -999 -999 -999 -999 -999 -999 -999 -999 -999 -999 -999 -999 -999 -999 -999 -999 -999      
15 -999 -999 -999 -999 -999 -999 -999 -999 -999 -999 -999 -999 -999 -999 -999 -999 -999 -999 -999 -999 -999 -999 -999 -999      
16 -999 -999 -999 -999 -999 -999 -999 -999 -999 -999 -999 -999 -999 -999 -999 -999 -999 -999 -999 -999 -999 -999 -999 -999      
17 -999 -999 -999 -999 -999 -999 -999 -999 -999 -999 -999 -999 -999 -999 -999 -999 -999 -999 -999 -999 -999 -999 -999 -999      
18 -999 -999 -999 -999 -999 -999 -999 -999 -999 -999 -999 -999 -999 -999 -999 -999 -999 -999 -999 -999 -999 -999 -999 -999      
19 -999 -999 -999 -999 -999 -999 -999 -999 -999 -999 -999 -999 -999 -999 -999 -999 -999 -999 -999 -999 -999 -999 -999 -999      
20 -999 -999 -999 -999 -999 -999 -999 -999 -999 -999 -999 -999 -999 -999 -999 -999 -999 -999 -999 -999 -999 -999 -999 -999      
21 -999 -999 -999 -999 -999 -999 -999 -999 -999 -999 -999 -999 -999 -999 -999 -999 -999 -999 -999 -999 -999 -999 -999 -999      
22 -999 -999 -999 -999 -999 -999 -999 -999 -999 -999 -999 -999 -999 -999 -999 -999 -999 -999 -999 -999 -999 -999 -999 -999      
23 -999 -999 -999 -999 -999 -999 -999 -999 -999 -999 -999 -999 -999 -999 -999 -999 -999 -999 -999 -999 -999 -999 -999 -999      
24 -999 -999 -999 -999 -999 -999 -999 -999 -999 -999 -999 -999 -999 -999 -999 -999 -999 -999 -999 -999 -999 -999 -999 -999      
25 -999 -999 -999 -999 -999 -999 -999 -999 -999 -999 -999 -999 -999 -999 -999 -999 -999 -999 -999 -999 -999 -999 -999 -999      
26 -999 -999 -999 -999 -999 -999 -999 -999 -999 -999 -999 -999 -999 -999 -999 -999 -999 -999 -999 -999 -999 -999 -999 -999      
27 -999 -999 -999 -999 -999 -999 -999 -999 -999 -999 -999 -999 -999 -999 -999 -999 -999 -999 -999 -999 -999 -999 -999 -999      
28 -999 -999 -999 -999 -999 -999 -999 -999 -999 -999 -999 -999 -999 -999 -999 -999 -999 -999 -999 -999 -999 -999 -999 -999      
29 -999 -999 -999 -999 -999 -999 -999 -999 -999 -999 -999 -999 -999 -999 -999 -999 -999 -999 -999 -999 -999 -999 -999 -999      
30 -999 -999 -999 -999 -999 -999 -999 -999 -999 -999 -999 -999 -999 -999 -999 -999 -999 -999 -999 -999 -999 -999 -999 -999      
31 -999 -999 -999 -999 -999 -999 -999 -999 -999 -999 -999 -999 -999 -999 -999 -999 -999 -999 -999 -999 -999 -999 -999 -999      
 301  8 21  7                                                                                                                   
 1 -999 -999 -999 -999 -999 -999 -999 -999 -999 -999 -999 -999 -999 -999 -999 -999 -999 -999 -999 -999 -999 -999 -999 -999      
 2 -999 -999 -999 -999 -999 -999 -999 -999 -999 -999 -999 -999 -999 -999 -999 -999 -999 -999 -999 -999 -999 -999 -999 -999      
 3 -999 -999 -999 -999 -999 -999 -999 -999 -999 -999 -999 -999 -999 -999 -999 -999 -999 -999 -999 -999 -999 -999 -999 -999      
 4 -999 -999 -999 -999 -999 -999 -999 -999 -999 -999 -999 -999 -999 -999 -999 -999 -999 -999 -999 -999 -999 -999 -999 -999      
 5 -999 -999 -999 -999 -999 -999 -999 -999 -999 -999 -999 -999 -999 -999 -999 -999 -999 -999 -999 -999 -999 -999 -999 -999      
 6 -999 -999 -999 -999 -999 -999 -999 -999 -999 -999 -999 -999 -999 -999 -999 -999 -999 -999 -999 -999 -999 -999 -999 -999      
 7 -999 -999 -999 -999 -999 -999 -999 -999 -999 -999 -999 -999 -999 -999 -999 -999 -999 -999 -999 -999 -999 -999 -999 -999      
 8 -999 -999 -999 -999 -999 -999 -999 -999 -999 -999 -999 -999 -999 -999 -999 -999 -999 -999 -999 -999 -999 -999 -999 -999      
 9 -999 -999 -999 -999 -999 -999 -999 -999 -999 -999 -999 -999 -999 -999 -999 -999 -999 -999 -999 -999 -999 -999 -999 -999      
10 -999 -999 -999 -999 -999 -999 -999 -999 -999 -999 -999 -999 -999 -999 -999 -999 -999 -999 -999 -999 -999 -999 -999 -999      
11 -999 -999 -999 -999 -999 -999 -999 -999 -999 -999 -999 -999 -999 -999 -999 -999 -999 -999 -999 -999 -999 -999 -999 -999      
12 -999 -999 -999 -999 -999 -999 -999 -999 -999 -999 -999 -999 -999 -999 -999 -999 -999 -999 -999 -999 -999 -999 -999 -999      
13 -999 -999 -999 -999 -999 -999 -999 -999 -999 -999 -999 -999 -999 -999 -999 -999 -999 -999 -999 -999 -999 -999 -999 -999      
14 -999 -999 -999 -999 -999 -999 -999 -999 -999 -999 -999 -999 -999 -999 -999 -999 -999 -999 -999 -999 -999 -999 -999 -999      
15 -999 -999 -999 -999 -999 -999 -999 -999 -999 -999 -999 -999 -999 -999 -999 -999 -999 -999 -999 -999 -999 -999 -999 -999      
16 -999 -999 -999 -999 -999 -999 -999 -999 -999 -999 -999 -999 -999 -999 -999 -999 -999 -999 -999 -999 -999 -999 -999 -999      
17 -999 -999 -999 -999 -999 -999 -999 -999 -999 -999 -999 -999 -999 -999 -999 -999 -999 -999 -999 -999 -999 -999 -999 -999      
18 -999 -999 -999 -999 -999 -999 -999 -999 -999 -999 -999 -999 -999 -999 -999 -999 -999 -999 -999 -999 -999 -999 -999 -999      
19 -999 -999 -999 -999 -999 -999 -999 -999 -999 -999 -999 -999 -999 -999 -999 -999 -999 -999 -999 -999 -999 -999 -999 -999      
20 -999 -999 -999 -999 -999 -999 -999 -999 -999 -999 -999 -999 -999 -999 -999 -999 -999 -999 -999 -999 -999 -999 -999 -999      
21 -999 -999 -999 -999 -999 -999 -999 -999 -999 -999 -999 -999 -999 -999 -999 -999 -999 -999 -999 -999 -999 -999 -999 -999      
22 -999 -999 -999 -999 -999 -999 -999 -999 -999 -999 -999 -999 -999 -999 -999 -999 -999 -999 -999 -999 -999 -999 -999 -999      
23 -999 -999 -999 -999 -999 -999 -999 -999 -999 -999 -999 -999 -999 -999 -999 -999 -999 -999 -999 -999 -999 -999 -999 -999      
24 -999 -999 -999 -999 -999 -999 -999 -999 -999 -999 -999 -999 -999 -999 -999 -999 -999 -999 -999 -999 -999 -999 -999 -999      
25 -999 -999 -999 -999 -999 -999 -999 -999 -999 -999 -999 -999 -999 -999 -999 -999 -999 -999 -999 -999 -999 -999 -999 -999      
26 -999 -999 -999 -999 -999 -999 -999 -999 -999 -999 -999 -999 -999 -999 -999 -999 -999 -999 -999 -999 -999 -999 -999 -999      
27 -999 -999 -999 -999 -999 -999 -999 -999 -999 -999 -999 -999 -999 -999 -999 -999 -999 -999 -999 -999 -999 -999 -999 -999      
28 -999 -999 -999 -999 -999 -999 -999 -999 -999 -999 -999 -999 -999 -999 -999 -999 -999 -999 -999 -999 -999 -999 -999 -999      
29 -999 -999 -999 -999 -999 -999 -999 -999 -999 -999 -999 -999 -999 -999 -999 -999 -999 -999 -999 -999 -999 -999 -999 -999      
30 -999 -999 -999 -999 -999 -999 -999 -999 -999 -999 -999 -999 -999 -999 -999 -999 -999 -999 -999 -999 -999 -999 -999 -999      
31 -999 -999 -999 -999 -999 -999 -999 -999 -999 -999 -999 -999 -999 -999 -999 -999 -999 -999 -999 -999 -999 -999 -999 -999      
 301  9 21  7                                                                                                                   
 1   36   36   36   38   38   39   37   31   32   32   36   36   40   37   36   36   36   32   30   30   29   25   27   28      
 2   21   20   20   14   13    9    8    8    8   14   17   12   12   17   17   19   26   20   15   11   15   10    4    2      
 3    2    2    2   11    7    7    7   13   11   13   20   35   43   47   48   46   48   44   39   31   35   34   38   37      
 4   36   24   17   15   18   20   20   20   18   18   13   12   11   13   13   13   12   12   13   12   11   10   10   10      
 5   10   10   10   10    9    7    4    6    6    6   12   23   29   34   33   24   20   17   12   10    6    4    5   12      
 6    9   11    4    6    4    2    3    4    5   13   12   22   25   23   22   20   36   28   12   10    6    6    3    6      
 7    6    4    3    3    6    2    3    2    2    4    7    7   12 -999   16   15   18   14   17   21   23   20   17   11      
 8   11   12   15   10   10    8    3    3    3    4    5    8   11   17   21   23   17   16    5    4    4    4    2    2      
 9    2    2    2    2    2    2    3   13   23   11   10   17   16   20   35   29   34   38   38   31   18   17   15   14      
10   15   13    8    7    6    7    7   13   18   13   13   20   28   31   36   33   26   28   26   32   36   36   37   37      
11   33   32   34   38   32   29   24   34   41   49   56   59   62   61   58   58   56   59   57   58   59   50   43   35      
12   42   43   40   36   30   24   25   22   27   24   52   51   35   38   42   47   46   41   37   42   40   41   39   36      
13   30   27   23   22   23   22   18   24   33   42   51   62   62   56   55   53   55   60   55   48   46   43   40   29      
14   20   19   17   18    9    6   10   13   23   40   52   61   78   56   50   39   34   28   34   29   22   17   18   16      
15   10   17   12   10   26   47   30   32   40   41   50   58   55   58   56   58   49   44   46   35   35   43   38   45      
16   42   23   16   19   17   19   13   11   15   12   11   11   12   11    9    9   13   35   28   21   11    5    5    5      
17    5    5    4    4    3    6    8   11   13   15   18   20   17   35   38   25   12   14   13   13   12   10   10   10      
18    8    9    8    8    8    8    9   11   14   16   16   15   25   31   27   22   18   12   10   11    7    4    1    1      
19    1    1    1    2    3    3    4    6   12   20   29   49   43   33 -999   31   22   16   11    7    7    4    5    4      
20    2    1    2    4    6    4    7    6    8   11   17   42   62   91   76   56   39   26   24   22   21   18   10    6      
21    9    8    6    5    5    6    9   12   18   21   28   32   71   66   45   42   41   39   32   23   15    9    9   12      
22   15   16   14   12   12    9   12   16   19   21   29   59   73   72   60   50   53   37   28   22   18   20   17   15      
23   10   11   13   12   10    9   10   16   25   34   35   59   70   77   81   69   38   31   24   17   13   15   14   14      
24   13    8    8   11   10    7    6    5   10   15   26   50   71   66   53   25   23   25   21   17   10    9    8    6      
25    5    7    5    3    6    6    6   10   11   17   22   41   65   60   61   44   42   31   28   26   23   22   21   19      
26   22   19   19   15   12   11   13   15   18   22   43   61   63   56   56   60   55   57   44   31   21   30   36   34      
27   34   34   32   32   24   27   26   25   27   29   42   47   50   42   41   41   37   35   35   31   31   31   31   30      
28   30   28   26   26   25   24   23   15   27   31   32   49   49   57   47   49   49   47   47   39   44   38   33   29      
29   31   29   26   18   17   14   19   29   30   35   41   47   58   64   62   52   46   40   31   28   25   22   12   13      
30   13   13    2    2    6   12   22   21   20   27   43   62   76   80   85   77   74   72   70   69   49   43   40   38      
31   34   30   29   28   23   19   21   25   27   29   55   87   91   80   76   82   78   59   65   55   54   61   55   54      
 301 11 21  7                                                                                                                   
 1    9    3    6    6    0    2    2    4    1    5    4    7    2    8    9    1    8    3    2    7    7    6    4    3      
 2    6   10    3    9    1   10    8    1   21    4   18   22    6    6    2   10   26   34   20   10    9   15   38   27      
 3   24   25   24   10   22   24   25    2   13   14    7    9   14    4    9   12   12   16   23   18   27   16   14   19      
 4   27   21   28   45   42   33   33   25   29   21   24   29   27   32   21   14   10   22   25   23   23   13   20   22      
 5   26   26   25   14   18    9   19   18   34   19   14    8   14   18   28   28   13   34   37   29   37   42   27   31      
 6   31   31   33   31   38   36   36   43   34   21   29   25   30   21    9   52   45   53   52   34   61   29   52   18      
 7   20   24   36   37   32   32   31   43   56   37   30   55    8 -999   20   18    4    8    1    2    6    4    7   14      
 8   19    4   12   13    5    4   10   12    9   16    8    9   23    7    7    8    8   11   11   17   27   35   27   27      
 9   33   35   34   32   21   22   24   27   26   30   28   27   30    3   14    6    7    7   14   16   16   13   16   15      
10   17   29   40   36   21   28   31   25   32   29   23   19   22   24   14   12   33   15   16   18   12    9   11   16      
11   18   23   16   19   17   23   11   14   16   12   17   15   19   11   16   12   17   18   20   10   22   23   16   34      
12   15   23    5   14   19   18   32   18   24   24   21   27    8    9   16   11   13   12   22   10   15   11   12   10      
13   11    9   11    7    9   11   14   20   17   21   11   14   14   10   14    9   30   26   13   15   15   36   12   26      
14   28   25   25   25   23   22   29   24   25   14   36   42   24   20    7    5   14    9   20   18   16   15   13   27      
15   28   27   14   17    9   11    9    7    3    5   12    5   17   10   11   26   14   14   17   21    9    6   11   16      
16   26   16   16   20   14   10    8    2    3    6    1    3    5    5    8    4   10   24   15    5   19   10    8    5      
17    4   11    6    8   10    2    9    6    6    3    7    9   11    5   13    9    3   12    3   11   12   11    6   10      
18    8    3   13    6    7    9    7   21    5    1    8    8   11   11   22   17    6    3    9    8    8   13    9   15      
19   31    4   21    2    8    9   18    1    2    8   10   15    1    9   13   18   10    5   18   18   18    6    9   19      
20   13   24   15   18    4   11   14   25    4   13   24   17   18   19   30   12    6   16   12   10   19   13    9   11      
21   15    3   12   21    3    7   12    7    2    9    1   13   22   15    6   13   13   21   25   18   19   19   23   28      
22   24   20   13    5    9    9   10    5    9    4   17   13   19   18   15   17   18   18   11   25   30   17    8   18      
23   22   17   21   26    4   14   13   12   12   13   10   17   20   14   16   13   14    9   16   14   15    7   22   16      
24   21   20   18   13   11   19   19   14   15   14   15   13    8    5   13    3   15   13   14    7   18   16   18   13      
25   10   10   12    5   17    6    6    5    3   16    9   19   17   23   10   16   11   15    5   20   12   16   13   17      
26   11   20   18   19   21   16   13   25   18   14   19   11   19   16   18    8    6   23   20   20   14   11   21   22      
27   32   24   21   21   20   20   15   18   17   14   20   21   24   16   28   14   17   18   20   15   12   19   17   20      
28   13   18   15    8   15   20   16   24   15   22   20   16   15   21   14   14   11    6   16   19   54   25   10   19      
29   22   15   27   14   22   16   27   17   19   17   15   22   15   25   23   35   24   21   14   20   11   13   22   19      
30   14   16   16   23   19    8   13   18   15   12   13   29   32   34   31   26   17   25   30   51   20   40   24   20      
31   31   36   23   25   10   30   37   36   48   42   33   31   21   26   33   28   27   24   28   37   24   30   34   27      
 301 12 21  7                                                                                                                   
 1   37   38   23   43   49   47   34   29   14   46   35   27   32   39   24   24   30   23   24   18   22   22   22   13      
 2   16   18   16   21   17   17   14    7   12    6   11    9   22   26   24   30   35   39   19   28   18   17   13   13      
 3    7   10   13   15   13   10    9    2   12   24   30   22   28   25   33   21   29   21   15   22   30   19   10   18      
 4   14    7   12   13   14    9   15   16    6   14   24   20   26   24   34   41   36   39   38   29   10   13    9   26      
 5   21   34   25   24   21   15   24   23   32   24   34   34   29   38   29   27   22   18   25   14   11   11   14    9      
 6   18    7    9    7    1    8   17   11   12   13   21   17   10   22   17   31   27   19   19   18   21   13   14   12      
 7   26   24   16   19   19   11   10   15   19   28   17   25   15   22   29   16   15   20   18   16   18    8    8    8      
 8   14   18   16   10    5    8   32    1   13   34   34   28   32   19   28   18   14   12   11    6    5    8    5    6      
 9    3    4    5    3    8    4    3   14   29   32   24   35   16   25   26   31   35   11   17    7    9    4    6   16      
10    9    9   10   16    8    6    7    5   22   26   19   24   30   20   26   40   38   36   42   22   17   21   12   10      
11    4   15   14   14   13    7   15   18   21   24   27   26   29   25   33   33   34   34   22   21   18   16   12   16      
12    9   10   11    4    6   11    3   11   13   17   32   44   32   24   14   27   13   17   21   28   18   19   13   12      
13   10    5    8   10    7    9    6   19   13   16   29   30   26   24   20   23   26   21   17   15    8   20    8   21      
14   10    8    5    6    5   16   12   10    9   12   12   25   27   57   15    7   13   10    3   15   10   14    7    2      
15   10   13    5    8   37   24   10   35   21   20   23   22   30   36   36   18   10   12   26   16   12    9   17    7      
16    6   12   11   15   26   22   26   31   43   33   38   26   23   37   33   27   19   30   26   17   17   27   13   15      
17   21    5    9    2   21   18   28   32   41   43   29   35   22   21   29   36   33   34   33   23   34   29   21   18      
18   21   27   22   21   21   23   33   33   36   34   49   45   28   28   39   33   30   32   20   14    7   10    8    6      
19   12    8    7   12   15   17   19   14   12   28   29   31   38   26   54   48   43   54   36   19   19   35   21   22      
20   10    3   17    8   12   13    3   17   25   28   31   25   23   38   29   51   38   29   35   20   13    6   18    6      
21   14    8   15   12   16   17   14   12   11   16   15   37   33   32   52   32   25   18   27   17    9   17    7   12      
22   23   19   11    7   13   12    8   31   14   26   25   38   37   26   24   29   29   33   33   31   16   14   12    6      
23   13   14   10    4   18    8   11    8   14   16   18   34   30   39   29   31   53   42   24   14   21   20   17   18      
24   15   15   12    9    9   10   10   17   23   28   15   36   36   52   52   51   39   36   33   26   26   20   17   13      
25    9   16   13   11   12   22   26   21   19   16   21   25   31   29   25   37   41   40   49   28   13   16   11   14      
26   13   10   17   10    9    4    8   16   18   28   29   36   26   35   42   52   28   31   20   21   18   33   27   31      
27   28   26   13   15   13   17   18   20   23   32   40   37   29   43   29   54   60   41   27   45   32   28   26   21      
28   25   26   23   14   13    4   10    9   14   26   26   36   29   23   25   39   21   16   17   11   16    9   11    9      
29   11    6    7    9    5    7    7   16   19   25   26   37   29   29   31   33   24   31   24   30   24   27   12   15      
30   11   13    5    2    4   11   16   19   25   27   27   21   29   24   39   27   30   27   25   22   22   27   24   11      
31   27    4   10    9    7    6   12   13   16   30   32   25   38   34   27   37   33   33   16   24   25   16    5   22      
 301 13 21  7                                                                                                                   
 1    1    1   16    2    2    2    3    2    2    2    1    2    2    4    2    3    4    3    3    4    1    3    4    2      
 2    3    3    2    1    2    2    2    2    6    5    9    3    2    2    5    9    9    8   11    8    9   13    2    2      
 3    1    2   15   14   15    4    5    4   13   12   11   10   12   12   13   13   13   12    9   10   10   10    9   13      
 4   12   15    3    1    3    1    2    2    4    9   13   14   14   13    8    8    8    8    8    8    8    9    8    8      
 5    8    8    8    8    9    9    9    9   13   11   11    9   10   11   10   11    9   11   10   12   14   16   13   14      
 6   12   11   14   10   15   15   14   12   11   11   13   11   14   13   13   11   10   11   10   12   10    9    8    9      
 7   11   11   10    9   11   10    9   13   11   10    9    8   10   11   11   16    3    4    5    4    3    5    7   10      
 8   11   12   12    5    8    1   15    1    5    8    8   10    8    8   10   12   13   14   13   12   11    8   14   13      
 9    3   16    5    8    8    5    5   11   13   13   12   11    8   10    9   10   11   12   12    9    8    6   10   14      
10   12   13   13   13   10    7    8    6   14   14   12   13   12   10    9   11   10   11   11   10   10   11    9    9      
11   10   13   10    8    8   11    9    9   12   11    9   11   10   11   10   11   11   11   10   12   10   11   14   11      
12    9   11   14   12   12   12    7    1   14   12   13   11    8    8    8   14   10    8    9   11   10    8    8    8      
13    9    5    6    6    7    7    5   13   11    9   13   12   12    9   10   11   11   10    9   11   10   10   14   14      
14   12   13   14    9    7    5    4    4    6    6   12   12   12    3    7    8    6    3    7    5    7    5    1   10      
15   11   14    5    5    1    3    4    1    3    1    2   15   12   12   11   10   11   16   13   13   12   13   13   12      
16   16    3    7    4    2    2    2    2    2    2    2    3    4    4    3    3   10   11   14   14    3    4    4    3      
17    3    8    5    5    3    4    4    3    4    4    5    3   10   10   10    4    5    5    5    5    3    4    4    4      
18    2    2    1    2    2    1    2    2    2    4    2    4    9   11   10   11   12   14   12   11   11   13   13    9      
19    8    9    6    5    4    4    2    3   11   12   12   10   11   10   11   11   10   11   10   12   14   13   14   11      
20   14   16   13   12   13   12    8   13   11   13   13   12   11   12    9   11   11   10   11   12   13   15   13   12      
21   13   13   14    1    3    4    6   16    2    3    8   11   10   11   11   10   11   10   11   12   11   11   12   13      
22   15   14    1    6    3    5    2    2    4    4    1   11   12   10   11   11   11   11   11   11    9    9   12   14      
23   15   13   15   13    5    3    6    3    1   15    1   13   10   10   10   10   10   10   10   11   11   11   11   11      
24   14   15   13   16   15   16   12   12   12   11   11   13   12   11   10   10   10   11   12   11   13   13   13   13      
25   14   15   15   12   12   13   12   12   13   12   14   12   12   10    9    9   11   11   11   10   10   11   13   13      
26   13   11   13   10   12    9    7   13   11   11   11   13   11   10   10   11    9    9   10   12   12   14   15   14      
27   14   14   12   14   14   15   14   10   10   11   11   10    9   15   12   14   15   15   16   15   14   14   15   15      
28   15   16   15   16   16    1    1   14    9   10   12   11   12   10    9   11   11   10   11   11   12   11    9    6      
29    7    8    5    6    7    6    9    9   11   11   11   12   11   10   10   11   11   10   12   12   11   14   14   13      
30   12   14   12    9    8    9    9   10   11   12   11   11   11    9   11   10   11   11   11   11   13   13   13   13      
31   14   12   16    1    5    7   15    1   12   11   13   12   12   10    9   10   11   14   15   15    4    2    3    4      
 301 14 21  7                                                                                                                   
 1  213  216  217  218  226  229  228  222  214  209  216  231  238  243  245  246  242  231  232  235  231  228  223  224      
 2  225  225  220  223  226  225  226  232  239  250  243  249  249  249  253  251  256  250  249  253  256  247  237  239      
 3  242  240  242  236  235  237  241  250  256  250  265  280  285  290  285  289  284  278  266  262  251  254  253  250      
 4  242  236  243  244  246  252  252  256  265  278  270  270  280  279  301  310  307  297  289  284  283  282  283  281      
 5  277  274  273  271  271  272  275  282  265  285  296  297  300  297  298  283  289  279  264  258  263  268  259  259      
 6  256  255  255  252  255  254  255  268  280  283  283  292  295  300  304  277  280  275  273  264  268  261  272  280      
 7  270  265  258  265  264  261  277  250  249  241  250  264  277  274  273  238  244  238  237  239  240  238  241  241      
 8  242  237  232  231  231  232  232  234  232  240  241  245  250  267  269  264  259  258  253  254  253  253  256  249      
 9  246  248  246  246  248  250  260  276  267  270  264  249  258  255  265  265  261  259  253  253  256  258  256  252      
10  249  246  242  241  241  244  250  269  268  270  266  268  280  276  279  274  267  270  264  265  262  261  261  258      
11  256  247  246  243  243  245  248  261  263  276  282  288  285  298  298  295  299  289  283  279  274  271  266  261      
12  258  256  253  253  253  250  256  267  276  285  291  270  250  256  264  250  256  255  249  245  237  235  234  231      
13  228  224  223  222  224  225  234  239  246  265  279  269  282  285  286  284  281  271  272  271  271  264  263  253      
14  251  250  251  249  246  245  252  265  276  295  290  304  303  231  247  256  253  255  261  254  252  250  253  250      
15  248  247  240  251  216  220  223  230  248  261  267  278  291  276  285  267  264  266  256  252  253  252  250  247      
16  248  244  240  235  228  227  232  242  253  258  265  292  294  294  279  282  280  261  251  249  261  259  259  258      
17  256  253  251  247  250  256  262  278  288  294  310  310  287  296  283  312  310  301  293  288  276  269  265  264      
18  262  259  254  252  252  253  262  278  291  303  319  310  306  294  278  277  270  267  270  271  270  265  262  263      
19  252  251  253  252  250  253  265  281  285  287  301  307  304  310  294  297  291  283  278  273  265  258  256  253      
20  253  257  252  252  251  253  265  262  273  286  286  313  314  303  301  293  284  276  270  264  262  265  258  256      
21  255  253  252  250  249  250  256  265  297  314  306  304  303  318  301  308  304  303  285  283  276  269  268  261      
22  256  253  258  258  252  252  258  275  291  303  316  315  312  323  317  312  301  292  285  273  267  264  264  262      
23  261  255  258  256  253  259  268  282  291  304  307  318  305  307  313  304  295  288  280  276  269  266  262  260      
24  258  259  256  259  259  258  261  265  277  286  304  304  312  298  302  298  290  285  276  274  264  265  263  263      
25  262  261  264  261  261  256  255  264  270  280  286  299  301  307  307  299  298  291  276  274  271  270  267  264      
26  263  261  257  258  258  262  262  263  270  276  289  309  313  309  307  306  314  310  297  294  290  295  288  279      
27  273  271  269  267  267  267  271  271  279  280  291  297  300  312  315  328  313  306  302  294  287  282  279  276      
28  274  270  269  268  267  268  267  275  285  285  291  298  301  307  311  304  307  306  297  296  281  286  286  282      
29  282  278  274  266  265  264  279  286  292  295  300  297  303  305  306  299  295  291  282  273  271  267  268  263      
30  262  264  265  267  267  269  277  277  283  285  301  298  310  318  310  319  315  308  294  289  286  271  267  267      
31  262  267  264  264  265  264  270  276  280  290  294  305  309  312  324  318  312  304  303  298  285  284  282  275      
 301 15 21  7                                                                                                                   
 1   96   96   96   96   91   85   88   91   95   96   95   89   83   81   83   82   82   92   91   89   90   92   93   94      
 2   95   94   95   96   96   96   96   96   95   92   95   96   96   96   96   95   92   96   96   94   92   94   96   96      
 3   96   96   96   96   96   96   96   96   95   94   87   78   76   72   70   70   72   74   85   85   92   92   92   93      
 4   95   96   96   96   95   95   94   93   90   81   81   83   78   80   69   66   65   68   70   74   75   76   76   78      
 5   82   84   84   84   83   83   80   76   84   75   71   67   67   66   69   77   73   78   89   89   90   87   88   91      
 6   91   92   93   93   92   92   91   86   83   76   74   69   64   63   55   77   81   84   84   88   87   89   85   76      
 7   80   83   87   84   84   87   81   94   95   96   96   96   85   81   81   95   95   96   96   96   95   96   96   96      
 8   96   96   96   96   96   96   96   96   96   96   96   95   94   85   80   82   85   88   90   92   94   96   95   96      
 9   96   96   96   96   96   96   96   84   88   87   90   95   96   93   87   83   84   84   88   91   91   90   90   92      
10   94   95   96   96   96   96   95   88   87   87   87   84   79   84   81   82   86   87   87   86   87   84   83   82      
11   85   91   93   94   94   94   88   79   74   66   64   64   62   62   59   60   61   64   71   73   77   80   79   86      
12   88   90   88   87   86   87   85   82   78   72   66   74   91   80   76   83   82   79   86   80   87   87   87   91      
13   92   94   94   93   91   89   88   86   81   74   73   69   66   63   66   67   73   80   78   78   79   83   84   91      
14   93   93   93   92   93   91   88   81   76   66   65   63   62   83   88   81   86   85   81   84   85   87   85   88      
15   92   94   93   93   89   94   94   85   77   71   67   63   63   67   66   79   87   82   86   90   86   82   88   90      
16   91   91   92   95   95   95   92   84   77   78   78   67   65   63   72   71   74   80   87   88   82   79   80   80      
17   81   83   83   85   83   79   74   70   63   62   57   53   69   66   68   52   54   56   58   57   63   67   69   70      
18   72   75   79   82   84   83   80   75   67   62   62   62   65   65   77   79   85   86   84   84   84   86   89   89      
19   94   95   94   91   90   89   82   74   67   72   65   62   60   57   61   69   72   75   79   81   84   87   86   93      
20   93   93   94   94   94   94   88   85   84   77   72   67   63   64   65   71   69   75   83   84   88   86   89   89      
21   90   91   92   91   80   78   74   67   56   49   56   58   56   52   47   51   51   59   69   70   76   79   84   89      
22   91   92   90   76   72   75   72   66   61   54   51   56   54   50   49   51   57   67   71   78   82   84   88   89      
23   91   91   90   91   79   77   77   70   64   58   52   55   53   55   57   57   64   70   80   83   84   84   87   90      
24   91   92   93   92   91   92   92   91   82   78   66   64   57   57   57   61   69   77   82   83   86   87   88   90      
25   90   89   89   89   90   92   94   86   82   75   70   64   64   62   61   60   60   67   76   79   79   81   83   86      
26   86   86   89   91   90   87   83   83   79   76   70   65   56   50   50   50   49   55   61   61   63   58   62   67      
27   72   74   75   77   75   75   72   72   73   68   65   65   67   55   56   47   51   56   60   63   66   69   70   71      
28   69   71   70   68   66   68   67   66   61   61   59   57   52   54   49   51   51   47   55   60   74   73   66   64      
29   66   62   70   75   78   77   72   70   69   66   66   66   60   59   60   71   69   75   80   83   83   85   84   82      
30   80   82   82   81   81   74   71   73   75   74   66   62   63   59   60   58   54   56   67   77   73   83   87   86      
31   90   90   89   87   81   81   81   77   79   75   71   64   56   54   48   52   57   63   63   66   71   70   74   76      
 301 17 21  7                                                                                                                   
 1    0    0    0    0    0    4   25   15   19   22   68  117   86   75   72   59   58   14    0    0    0    0    0    0      
 2    0    0    0    0    0    3   18   44   78  143   74   46   65   54   37   40   95   27   10    0    0    0    0    0      
 3    0    0    0    0    0    0   19  103  123  125  212  318  307  281  233  187  102   27    4    0    0    0    0    0      
 4    0    0    0    0    0   10   22   37   50   55   97   89  203  126  106  145  108   72   12    0    0    0    0    0      
 5    0    0    0    0    0    3   12   43   83  170  239  277  260  305  210   65   40   29    8    0    0    0    0    0      
 6    0    0    0    0    0    6   26  104  121  100   99  138  175  119  111   60   69   40   11    0    0    0    0    0      
 7    0    0    0    0    0    8    4   10   15   18   54  100  133   61   33   14   22    1    0    0    0    0    0    0      
 8    0    0    0    0    0    0    0    6   10   20   25   77  105  186  120   98   57   17    6    0    0    0    0    0      
 9    0    0    0    0    0    8   61  132  216  194  112   41   32  114  148  112   64   56   20    0    0    0    0    0      
10    0    0    0    0    0   12   63  110  116  147  157  138  171  131  155  140   86   46   19    0    0    0    0    0      
11    0    0    0    0    0    6   22  112  211  268  298  338  340  320  285  231  160   63    7    0    0    0    0    0      
12    0    0    0    0    0    9   45   88  133  185  290  187   66  128  112   30   41   21    6    0    0    0    0    0      
13    0    0    0    0    0    9   58  108  187  247  258  289  337  263  197  157   99   43    9    1    0    0    0    0      
14    0    0    0    0    0    7   42   96  138  273  236  309  251   86   16   26   28   33   16    0    0    0    0    0      
15    0    0    0    0    0    0   18  104  155  187  119  274  347  176  271   88   23   33   18    0    0    0    0    0      
16    0    0    0    0    0    3   28   77  144   91   85  223  129  126  108   88   46   37   10    0    0    0    0    0      
17    0    0    0    0    0   25   80  159  206  286  323  300  134  134  118  185  133   84   16    0    0    0    0    0      
18    0    0    0    0    0    6   75  155  227  283  250  249  143  257  287  212  112   75   14    0    0    0    0    0      
19    0    0    0    0    0   15   79  154  223  280  324  347  350  325  286  230  161   86   23    0    0    0    0    0      
20    0    0    0    0    0   13   45   52   91  268  302  329  334  315  281  241   74   31   11    0    0    0    0    0      
21    0    0    0    0    0   14   78  153  225  284  326  344  348  325  286  232  140   77   18    0    0    0    0    0      
22    0    0    0    0    0   20   81  151  212  271  325  331  350  328  262  220  133   79   17    0    0    0    0    0      
23    0    0    0    0    0   18   75  132  215  243  304  350  280  307  248  229  159   84   15    0    0    0    0    0      
24    0    0    0    0    0    5   20   57  210  258  315  319  319  317  277  213  148   83   20    0    0    0    0    0      
25    0    0    0    0    0    3   24  117  159  273  205  228  228  259  254  222  166   62   20    0    0    0    0    0      
26    0    0    0    0    0    8   44  106  158  232  262  316  285  315  275  220  152   83   23    0    0    0    0    0      
27    0    0    0    0    0    7   52   90   79  240  316  299  158  147  161  230  135   62   19    0    0    0    0    0      
28    0    0    0    0    0   15   60   75  177  249  325  346  344  300  260  225  143   82   22    0    0    0    0    0      
29    0    0    0    0    0    4   59  131  160  274  319  336  338  319  277  106  131   63   11    0    0    0    0    0      
30    0    0    0    0    0    8   58  126  182  263  304  327  330  314  276  221  153   79   16    0    0    0    0    0      
31    0    0    0    0    0    9   57  136  136  218  298  328  332  301  253  170   94   26    6    0    0    0    0    0      
 301 30 21  7                                                                                                                   
 1 -999 -999 -999 -999 -999 -999 -999 -999 -999 -999 -999 -999 -999 -999 -999 -999 -999 -999 -999 -999 -999 -999 -999 -999      
 2 -999 -999 -999 -999 -999 -999 -999 -999 -999 -999 -999 -999 -999 -999 -999 -999 -999 -999 -999 -999 -999 -999 -999 -999      
 3 -999 -999 -999 -999 -999 -999 -999 -999 -999 -999 -999 -999 -999 -999 -999 -999 -999 -999 -999 -999 -999 -999 -999 -999      
 4 -999 -999 -999 -999 -999 -999 -999 -999 -999 -999 -999 -999 -999 -999 -999 -999 -999 -999 -999 -999 -999 -999 -999 -999      
 5 -999 -999 -999 -999 -999 -999 -999 -999 -999 -999 -999 -999 -999 -999 -999 -999 -999 -999 -999 -999 -999 -999 -999 -999      
 6 -999 -999 -999 -999 -999 -999 -999 -999 -999 -999 -999 -999 -999 -999 -999 -999 -999 -999 -999 -999 -999 -999 -999 -999      
 7 -999 -999 -999 -999 -999 -999 -999 -999 -999 -999 -999 -999 -999 -999 -999 -999 -999 -999 -999 -999 -999 -999 -999 -999      
 8 -999 -999 -999 -999 -999 -999 -999 -999 -999 -999 -999 -999 -999 -999 -999 -999 -999 -999 -999 -999 -999 -999 -999 -999      
 9 -999 -999 -999 -999 -999 -999 -999 -999 -999 -999 -999 -999 -999 -999 -999 -999 -999 -999 -999 -999 -999 -999 -999 -999      
10 -999 -999 -999 -999 -999 -999 -999 -999 -999 -999 -999 -999 -999 -999 -999 -999 -999 -999 -999 -999 -999 -999 -999 -999      
11 -999 -999 -999 -999 -999 -999 -999 -999 -999 -999 -999 -999 -999 -999 -999 -999 -999 -999 -999 -999 -999 -999 -999 -999      
12 -999 -999 -999 -999 -999 -999 -999 -999 -999 -999 -999 -999 -999 -999 -999 -999 -999 -999 -999 -999 -999 -999 -999 -999      
13 -999 -999 -999 -999 -999 -999 -999 -999 -999 -999 -999 -999 -999 -999 -999 -999 -999 -999 -999 -999 -999 -999 -999 -999      
14 -999 -999 -999 -999 -999 -999 -999 -999 -999 -999 -999 -999 -999 -999 -999 -999 -999 -999 -999 -999 -999 -999 -999 -999      
15 -999 -999 -999 -999 -999 -999 -999 -999 -999 -999 -999 -999 -999 -999 -999 -999 -999 -999 -999 -999 -999 -999 -999 -999      
16 -999 -999 -999 -999 -999 -999 -999 -999 -999 -999 -999 -999 -999 -999 -999 -999 -999 -999 -999 -999 -999 -999 -999 -999      
17 -999 -999 -999 -999 -999 -999 -999 -999 -999 -999 -999 -999 -999 -999 -999 -999 -999 -999 -999 -999 -999 -999 -999 -999      
18 -999 -999 -999 -999 -999 -999 -999 -999 -999 -999 -999 -999 -999 -999 -999 -999 -999 -999 -999 -999 -999 -999 -999 -999      
19 -999 -999 -999 -999 -999 -999 -999 -999 -999 -999 -999 -999 -999 -999 -999 -999 -999 -999 -999 -999 -999 -999 -999 -999      
20 -999 -999 -999 -999 -999 -999 -999 -999 -999 -999 -999 -999 -999 -999 -999 -999 -999 -999 -999 -999 -999 -999 -999 -999      
21 -999 -999 -999 -999 -999 -999 -999 -999 -999 -999 -999 -999 -999 -999 -999 -999 -999 -999 -999 -999 -999 -999 -999 -999      
22 -999 -999 -999 -999 -999 -999 -999 -999 -999 -999 -999 -999 -999 -999 -999 -999 -999 -999 -999 -999 -999 -999 -999 -999      
23 -999 -999 -999 -999 -999 -999 -999 -999 -999 -999 -999 -999 -999 -999 -999 -999 -999 -999 -999 -999 -999 -999 -999 -999      
24 -999 -999 -999 -999 -999 -999 -999 -999 -999 -999 -999 -999 -999 -999 -999 -999 -999 -999 -999 -999 -999 -999 -999 -999      
25 -999 -999 -999 -999 -999 -999 -999 -999 -999 -999 -999 -999 -999 -999 -999 -999 -999 -999 -999 -999 -999 -999 -999 -999      
26 -999 -999 -999 -999 -999 -999 -999 -999 -999 -999 -999 -999 -999 -999 -999 -999 -999 -999 -999 -999 -999 -999 -999 -999      
27 -999 -999 -999 -999 -999 -999 -999 -999 -999 -999 -999 -999 -999 -999 -999 -999 -999 -999 -999 -999 -999 -999 -999 -999      
28 -999 -999 -999 -999 -999 -999 -999 -999 -999 -999 -999 -999 -999 -999 -999 -999 -999 -999 -999 -999 -999 -999 -999 -999      
29 -999 -999 -999 -999 -999 -999 -999 -999 -999 -999 -999 -999 -999 -999 -999 -999 -999 -999 -999 -999 -999 -999 -999 -999      
30 -999 -999 -999 -999 -999 -999 -999 -999 -999 -999 -999 -999 -999 -999 -999 -999 -999 -999 -999 -999 -999 -999 -999 -999      
31 -999 -999 -999 -999 -999 -999 -999 -999 -999 -999 -999 -999 -999 -999 -999 -999 -999 -999 -999 -999 -999 -999 -999 -999      
